day	hour	value
1	1	0
1	2	1
1	3	0
1	4	0
1	5	0
1	6	0
1	7	0
1	8	0
1	9	1
1	10	2
1	11	1
1	12	1
1	13	1
1	14	1
1	15	1
1	16	0
1	17	2
1	18	2
1	19	3
1	20	1
1	21	0
1	22	2
1	23	0
1	24	0
2	1	0
2	2	0
2	3	0
2	4	0
2	5	0
2	6	0
2	7	0
2	8	1
2	9	0
2	10	2
2	11	0
2	12	1
2	13	1
2	14	2
2	15	0
2	16	1
2	17	0
2	18	0
2	19	0
2	20	1
2	21	0
2	22	1
2	23	0
2	24	0
3	1	0
3	2	0
3	3	0
3	4	0
3	5	0
3	6	0
3	7	0
3	8	0
3	9	0
3	10	2
3	11	0
3	12	1
3	13	2
3	14	2
3	15	1
3	16	4
3	17	2
3	18	1
3	19	2
3	20	0
3	21	1
3	22	0
3	23	1
3	24	0
4	1	2
4	2	2
4	3	0
4	4	0
4	5	0
4	6	0
4	7	0
4	8	0
4	9	0
4	10	0
4	11	0
4	12	3
4	13	1
4	14	2
4	15	1
4	16	1
4	17	0
4	18	2
4	19	0
4	20	1
4	21	4
4	22	0
4	23	0
4	24	8
5	1	1
5	2	1
5	3	0
5	4	0
5	5	0
5	6	0
5	7	0
5	8	0
5	9	0
5	10	2
5	11	0
5	12	1
5	13	1
5	14	1
5	15	1
5	16	0
5	17	2
5	18	1
5	19	0
5	20	1
5	21	1
5	22	0
5	23	0
5	24	0
6	1	1
6	2	0
6	3	0
6	4	0
6	5	0
6	6	0
6	7	0
6	8	0
6	9	1
6	10	1
6	11	1
6	12	1
6	13	0
6	14	0
6	15	0
6	16	3
6	17	1
6	18	1
6	19	1
6	20	0
6	21	0
6	22	0
6	23	1
6	24	0
7	1	0
7	2	0
7	3	0
7	4	0
7	5	0
7	6	0
7	7	0
7	8	2
7	9	0
7	10	0
7	11	0
7	12	4
7	13	5
7	14	5
7	15	2
7	16	5
7	17	2
7	18	2
7	19	0
7	20	1
7	21	1
7	22	0
7	23	1
7	24	0