day	hour	value
1	1	3
1	2	0
1	3	0
1	4	0
1	5	0
1	6	0
1	7	0
1	8	0
1	9	1
1	10	1
1	11	3
1	12	6
1	13	3
1	14	3
1	15	3
1	16	5
1	17	3
1	18	3
1	19	3
1	20	1
1	21	2
1	22	2
1	23	2
1	24	1
2	1	0
2	2	0
2	3	0
2	4	0
2	5	0
2	6	0
2	7	0
2	8	0
2	9	1
2	10	1
2	11	0
2	12	3
2	13	6
2	14	3
2	15	5
2	16	1
2	17	2
2	18	0
2	19	1
2	20	0
2	21	0
2	22	2
2	23	1
2	24	0
3	1	0
3	2	1
3	3	0
3	4	0
3	5	0
3	6	0
3	7	0
3	8	0
3	9	1
3	10	1
3	11	2
3	12	3
3	13	1
3	14	3
3	15	3
3	16	2
3	17	0
3	18	3
3	19	2
3	20	1
3	21	0
3	22	0
3	23	0
3	24	2
4	1	0
4	2	0
4	3	0
4	4	0
4	5	0
4	6	0
4	7	0
4	8	1
4	9	0
4	10	2
4	11	1
4	12	1
4	13	0
4	14	1
4	15	5
4	16	1
4	17	0
4	18	0
4	19	3
4	20	2
4	21	4
4	22	1
4	23	1
4	24	2
5	1	1
5	2	0
5	3	0
5	4	0
5	5	0
5	6	0
5	7	0
5	8	0
5	9	1
5	10	1
5	11	0
5	12	2
5	13	2
5	14	1
5	15	3
5	16	1
5	17	1
5	18	1
5	19	2
5	20	3
5	21	1
5	22	0
5	23	1
5	24	2
6	1	0
6	2	0
6	3	0
6	4	0
6	5	0
6	6	0
6	7	0
6	8	0
6	9	1
6	10	2
6	11	2
6	12	1
6	13	5
6	14	2
6	15	6
6	16	6
6	17	5
6	18	4
6	19	1
6	20	3
6	21	0
6	22	1
6	23	1
6	24	2
7	1	2
7	2	0
7	3	1
7	4	0
7	5	0
7	6	0
7	7	0
7	8	1
7	9	2
7	10	1
7	11	2
7	12	6
7	13	4
7	14	3
7	15	1
7	16	13
7	17	4
7	18	4
7	19	2
7	20	4
7	21	1
7	22	5
7	23	2
7	24	0