day	hour	value
1	1	2
1	2	1
1	3	0
1	4	2
1	5	0
1	6	0
1	7	0
1	8	0
1	9	0
1	10	1
1	11	0
1	12	0
1	13	0
1	14	0
1	15	1
1	16	2
1	17	0
1	18	0
1	19	0
1	20	0
1	21	1
1	22	1
1	23	0
1	24	3
2	1	0
2	2	0
2	3	0
2	4	0
2	5	0
2	6	0
2	7	0
2	8	1
2	9	0
2	10	0
2	11	1
2	12	1
2	13	0
2	14	1
2	15	2
2	16	0
2	17	1
2	18	0
2	19	0
2	20	1
2	21	0
2	22	0
2	23	0
2	24	0
3	1	0
3	2	0
3	3	0
3	4	0
3	5	0
3	6	1
3	7	0
3	8	0
3	9	1
3	10	1
3	11	0
3	12	0
3	13	0
3	14	1
3	15	0
3	16	2
3	17	0
3	18	1
3	19	0
3	20	0
3	21	0
3	22	3
3	23	0
3	24	0
4	1	1
4	2	0
4	3	0
4	4	0
4	5	0
4	6	0
4	7	0
4	8	0
4	9	0
4	10	1
4	11	1
4	12	1
4	13	0
4	14	0
4	15	0
4	16	0
4	17	2
4	18	0
4	19	0
4	20	0
4	21	1
4	22	4
4	23	2
4	24	1
5	1	2
5	2	1
5	3	0
5	4	1
5	5	0
5	6	0
5	7	0
5	8	0
5	9	2
5	10	0
5	11	0
5	12	0
5	13	0
5	14	0
5	15	1
5	16	2
5	17	2
5	18	0
5	19	0
5	20	0
5	21	0
5	22	0
5	23	0
5	24	0
6	1	0
6	2	0
6	3	0
6	4	0
6	5	0
6	6	0
6	7	0
6	8	0
6	9	1
6	10	0
6	11	0
6	12	1
6	13	1
6	14	0
6	15	1
6	16	1
6	17	0
6	18	0
6	19	1
6	20	0
6	21	1
6	22	0
6	23	1
6	24	0
7	1	0
7	2	1
7	3	0
7	4	0
7	5	1
7	6	0
7	7	0
7	8	0
7	9	0
7	10	0
7	11	0
7	12	2
7	13	1
7	14	0
7	15	0
7	16	1
7	17	1
7	18	0
7	19	0
7	20	0
7	21	4
7	22	0
7	23	0
7	24	2