day	hour	value
1	1	6
1	2	1
1	3	1
1	4	0
1	5	0
1	6	0
1	7	0
1	8	0
1	9	1
1	10	2
1	11	0
1	12	3
1	13	1
1	14	1
1	15	4
1	16	0
1	17	0
1	18	2
1	19	3
1	20	2
1	21	1
1	22	3
1	23	5
1	24	3
2	1	4
2	2	0
2	3	2
2	4	0
2	5	0
2	6	0
2	7	0
2	8	0
2	9	0
2	10	0
2	11	0
2	12	0
2	13	4
2	14	1
2	15	1
2	16	2
2	17	0
2	18	2
2	19	2
2	20	0
2	21	5
2	22	3
2	23	9
2	24	3
3	1	2
3	2	1
3	3	2
3	4	0
3	5	1
3	6	0
3	7	2
3	8	2
3	9	0
3	10	0
3	11	2
3	12	2
3	13	3
3	14	2
3	15	1
3	16	2
3	17	0
3	18	2
3	19	1
3	20	0
3	21	2
3	22	3
3	23	5
3	24	4
4	1	8
4	2	0
4	3	1
4	4	0
4	5	1
4	6	0
4	7	3
4	8	0
4	9	3
4	10	0
4	11	1
4	12	2
4	13	5
4	14	2
4	15	1
4	16	2
4	17	1
4	18	0
4	19	1
4	20	0
4	21	4
4	22	3
4	23	6
4	24	8
5	1	1
5	2	1
5	3	1
5	4	0
5	5	2
5	6	1
5	7	1
5	8	0
5	9	3
5	10	0
5	11	0
5	12	2
5	13	3
5	14	4
5	15	0
5	16	2
5	17	0
5	18	0
5	19	3
5	20	1
5	21	2
5	22	1
5	23	5
5	24	4
6	1	1
6	2	0
6	3	0
6	4	1
6	5	0
6	6	1
6	7	0
6	8	0
6	9	3
6	10	3
6	11	3
6	12	1
6	13	3
6	14	2
6	15	0
6	16	1
6	17	2
6	18	3
6	19	1
6	20	1
6	21	1
6	22	2
6	23	3
6	24	5
7	1	3
7	2	0
7	3	3
7	4	0
7	5	0
7	6	1
7	7	0
7	8	1
7	9	0
7	10	0
7	11	2
7	12	1
7	13	2
7	14	3
7	15	0
7	16	1
7	17	0
7	18	0
7	19	2
7	20	1
7	21	1
7	22	0
7	23	3
7	24	4