day	hour	value
1	1	2
1	2	2
1	3	1
1	4	0
1	5	0
1	6	1
1	7	0
1	8	0
1	9	0
1	10	1
1	11	5
1	12	0
1	13	9
1	14	3
1	15	4
1	16	2
1	17	2
1	18	3
1	19	5
1	20	1
1	21	1
1	22	6
1	23	0
1	24	3
2	1	4
2	2	1
2	3	0
2	4	0
2	5	0
2	6	0
2	7	0
2	8	1
2	9	2
2	10	1
2	11	2
2	12	1
2	13	2
2	14	2
2	15	1
2	16	2
2	17	1
2	18	1
2	19	4
2	20	1
2	21	1
2	22	4
2	23	3
2	24	1
3	1	1
3	2	0
3	3	0
3	4	0
3	5	0
3	6	0
3	7	0
3	8	1
3	9	1
3	10	0
3	11	0
3	12	1
3	13	1
3	14	2
3	15	2
3	16	1
3	17	3
3	18	2
3	19	0
3	20	1
3	21	1
3	22	1
3	23	3
3	24	4
4	1	6
4	2	2
4	3	1
4	4	0
4	5	0
4	6	0
4	7	1
4	8	0
4	9	0
4	10	2
4	11	0
4	12	0
4	13	0
4	14	2
4	15	1
4	16	2
4	17	4
4	18	4
4	19	2
4	20	1
4	21	2
4	22	3
4	23	0
4	24	2
5	1	2
5	2	0
5	3	0
5	4	0
5	5	0
5	6	0
5	7	1
5	8	0
5	9	2
5	10	2
5	11	1
5	12	2
5	13	1
5	14	1
5	15	0
5	16	3
5	17	1
5	18	3
5	19	4
5	20	5
5	21	1
5	22	1
5	23	2
5	24	1
6	1	0
6	2	0
6	3	0
6	4	1
6	5	0
6	6	0
6	7	0
6	8	0
6	9	1
6	10	5
6	11	1
6	12	1
6	13	0
6	14	1
6	15	2
6	16	5
6	17	6
6	18	3
6	19	1
6	20	3
6	21	6
6	22	3
6	23	4
6	24	0
7	1	1
7	2	2
7	3	0
7	4	0
7	5	0
7	6	0
7	7	1
7	8	0
7	9	1
7	10	2
7	11	3
7	12	4
7	13	5
7	14	4
7	15	6
7	16	9
7	17	4
7	18	3
7	19	8
7	20	5
7	21	2
7	22	4
7	23	0
7	24	1