day	hour	value
1	1	34
1	2	14
1	3	2
1	4	4
1	5	0
1	6	3
1	7	6
1	8	13
1	9	26
1	10	35
1	11	26
1	12	42
1	13	50
1	14	64
1	15	72
1	16	85
1	17	84
1	18	47
1	19	39
1	20	14
1	21	23
1	22	20
1	23	29
1	24	28
2	1	22
2	2	8
2	3	6
2	4	1
2	5	2
2	6	2
2	7	9
2	8	13
2	9	28
2	10	17
2	11	35
2	12	43
2	13	55
2	14	69
2	15	79
2	16	77
2	17	69
2	18	22
2	19	40
2	20	12
2	21	23
2	22	14
2	23	32
2	24	16
3	1	21
3	2	5
3	3	4
3	4	2
3	5	3
3	6	0
3	7	2
3	8	12
3	9	35
3	10	30
3	11	14
3	12	29
3	13	25
3	14	72
3	15	90
3	16	64
3	17	44
3	18	27
3	19	36
3	20	28
3	21	47
3	22	32
3	23	27
3	24	30
4	1	16
4	2	5
4	3	4
4	4	1
4	5	0
4	6	1
4	7	9
4	8	15
4	9	23
4	10	18
4	11	38
4	12	33
4	13	44
4	14	50
4	15	55
4	16	52
4	17	45
4	18	33
4	19	34
4	20	30
4	21	22
4	22	26
4	23	27
4	24	19
5	1	22
5	2	20
5	3	4
5	4	1
5	5	4
5	6	2
5	7	8
5	8	9
5	9	27
5	10	22
5	11	13
5	12	33
5	13	44
5	14	63
5	15	78
5	16	57
5	17	44
5	18	40
5	19	39
5	20	22
5	21	30
5	22	20
5	23	27
5	24	32
6	1	21
6	2	10
6	3	6
6	4	1
6	5	1
6	6	1
6	7	9
6	8	22
6	9	25
6	10	29
6	11	15
6	12	50
6	13	43
6	14	86
6	15	70
6	16	61
6	17	53
6	18	35
6	19	42
6	20	16
6	21	29
6	22	31
6	23	35
6	24	33
7	1	19
7	2	11
7	3	3
7	4	2
7	5	6
7	6	4
7	7	8
7	8	21
7	9	15
7	10	23
7	11	20
7	12	44
7	13	43
7	14	63
7	15	56
7	16	74
7	17	55
7	18	40
7	19	40
7	20	17
7	21	27
7	22	23
7	23	22
7	24	19