day	hour	value
1	1	10
1	2	6
1	3	2
1	4	0
1	5	2
1	6	3
1	7	6
1	8	14
1	9	9
1	10	14
1	11	14
1	12	17
1	13	16
1	14	16
1	15	18
1	16	13
1	17	14
1	18	13
1	19	18
1	20	27
1	21	20
1	22	22
1	23	27
1	24	12
2	1	9
2	2	4
2	3	3
2	4	1
2	5	1
2	6	2
2	7	4
2	8	8
2	9	5
2	10	11
2	11	13
2	12	18
2	13	15
2	14	19
2	15	15
2	16	8
2	17	16
2	18	12
2	19	19
2	20	16
2	21	11
2	22	21
2	23	30
2	24	9
3	1	4
3	2	5
3	3	4
3	4	2
3	5	1
3	6	9
3	7	3
3	8	4
3	9	3
3	10	16
3	11	8
3	12	10
3	13	18
3	14	15
3	15	14
3	16	10
3	17	18
3	18	15
3	19	24
3	20	19
3	21	14
3	22	18
3	23	22
3	24	7
4	1	5
4	2	3
4	3	4
4	4	0
4	5	1
4	6	0
4	7	5
4	8	9
4	9	9
4	10	16
4	11	7
4	12	11
4	13	14
4	14	24
4	15	9
4	16	6
4	17	5
4	18	13
4	19	17
4	20	19
4	21	18
4	22	23
4	23	25
4	24	9
5	1	20
5	2	4
5	3	3
5	4	4
5	5	0
5	6	1
5	7	3
5	8	7
5	9	11
5	10	16
5	11	12
5	12	10
5	13	14
5	14	12
5	15	11
5	16	10
5	17	22
5	18	9
5	19	20
5	20	12
5	21	16
5	22	15
5	23	30
5	24	15
6	1	11
6	2	5
6	3	3
6	4	2
6	5	0
6	6	0
6	7	6
6	8	4
6	9	8
6	10	10
6	11	7
6	12	21
6	13	16
6	14	17
6	15	19
6	16	8
6	17	15
6	18	10
6	19	21
6	20	9
6	21	27
6	22	22
6	23	38
6	24	20
7	1	10
7	2	7
7	3	0
7	4	1
7	5	1
7	6	1
7	7	24
7	8	6
7	9	9
7	10	16
7	11	14
7	12	8
7	13	15
7	14	25
7	15	5
7	16	11
7	17	16
7	18	11
7	19	17
7	20	8
7	21	12
7	22	25
7	23	19
7	24	13