day	hour	value
1	1	124
1	2	61
1	3	26
1	4	10
1	5	6
1	6	13
1	7	17
1	8	26
1	9	38
1	10	66
1	11	79
1	12	97
1	13	95
1	14	112
1	15	111
1	16	116
1	17	103
1	18	104
1	19	117
1	20	93
1	21	90
1	22	97
1	23	97
1	24	97
2	1	92
2	2	55
2	3	11
2	4	7
2	5	10
2	6	2
2	7	9
2	8	28
2	9	32
2	10	42
2	11	68
2	12	57
2	13	56
2	14	81
2	15	78
2	16	80
2	17	84
2	18	78
2	19	56
2	20	81
2	21	81
2	22	86
2	23	74
2	24	76
3	1	79
3	2	35
3	3	19
3	4	10
3	5	11
3	6	6
3	7	15
3	8	18
3	9	38
3	10	50
3	11	35
3	12	66
3	13	79
3	14	88
3	15	62
3	16	74
3	17	68
3	18	76
3	19	62
3	20	91
3	21	88
3	22	83
3	23	85
3	24	107
4	1	81
4	2	44
4	3	22
4	4	14
4	5	9
4	6	4
4	7	14
4	8	28
4	9	41
4	10	63
4	11	51
4	12	73
4	13	74
4	14	63
4	15	78
4	16	75
4	17	56
4	18	63
4	19	77
4	20	71
4	21	77
4	22	71
4	23	114
4	24	88
5	1	88
5	2	51
5	3	22
5	4	8
5	5	7
5	6	2
5	7	10
5	8	32
5	9	41
5	10	49
5	11	71
5	12	39
5	13	75
5	14	74
5	15	79
5	16	70
5	17	71
5	18	92
5	19	84
5	20	93
5	21	97
5	22	74
5	23	104
5	24	111
6	1	81
6	2	55
6	3	34
6	4	12
6	5	8
6	6	8
6	7	13
6	8	16
6	9	43
6	10	41
6	11	62
6	12	67
6	13	70
6	14	68
6	15	88
6	16	88
6	17	103
6	18	95
6	19	93
6	20	101
6	21	96
6	22	114
6	23	114
6	24	143
7	1	105
7	2	49
7	3	34
7	4	21
7	5	9
7	6	11
7	7	17
7	8	39
7	9	54
7	10	66
7	11	79
7	12	107
7	13	121
7	14	124
7	15	113
7	16	97
7	17	122
7	18	104
7	19	120
7	20	130
7	21	124
7	22	138
7	23	136
7	24	128