day	hour	value
1	1	2
1	2	1
1	3	1
1	4	1
1	5	1
1	6	0
1	7	0
1	8	1
1	9	3
1	10	1
1	11	4
1	12	1
1	13	0
1	14	1
1	15	2
1	16	0
1	17	0
1	18	0
1	19	4
1	20	4
1	21	3
1	22	0
1	23	3
1	24	0
2	1	3
2	2	1
2	3	2
2	4	0
2	5	0
2	6	1
2	7	1
2	8	1
2	9	0
2	10	0
2	11	1
2	12	0
2	13	1
2	14	0
2	15	0
2	16	2
2	17	2
2	18	1
2	19	3
2	20	0
2	21	1
2	22	7
2	23	4
2	24	3
3	1	0
3	2	0
3	3	1
3	4	1
3	5	1
3	6	0
3	7	1
3	8	3
3	9	0
3	10	2
3	11	0
3	12	2
3	13	2
3	14	0
3	15	3
3	16	0
3	17	1
3	18	2
3	19	2
3	20	1
3	21	3
3	22	1
3	23	6
3	24	1
4	1	4
4	2	1
4	3	0
4	4	1
4	5	0
4	6	0
4	7	0
4	8	0
4	9	1
4	10	0
4	11	0
4	12	1
4	13	0
4	14	0
4	15	1
4	16	1
4	17	2
4	18	2
4	19	1
4	20	2
4	21	0
4	22	3
4	23	3
4	24	1
5	1	5
5	2	3
5	3	0
5	4	0
5	5	0
5	6	0
5	7	2
5	8	1
5	9	0
5	10	2
5	11	1
5	12	1
5	13	0
5	14	1
5	15	2
5	16	2
5	17	2
5	18	4
5	19	2
5	20	3
5	21	6
5	22	3
5	23	2
5	24	0
6	1	1
6	2	3
6	3	0
6	4	0
6	5	0
6	6	1
6	7	0
6	8	2
6	9	0
6	10	1
6	11	1
6	12	2
6	13	0
6	14	0
6	15	1
6	16	2
6	17	1
6	18	1
6	19	2
6	20	1
6	21	5
6	22	1
6	23	7
6	24	4
7	1	1
7	2	0
7	3	0
7	4	1
7	5	0
7	6	1
7	7	0
7	8	1
7	9	2
7	10	1
7	11	3
7	12	1
7	13	1
7	14	0
7	15	3
7	16	2
7	17	0
7	18	3
7	19	1
7	20	2
7	21	5
7	22	4
7	23	1
7	24	1