day	hour	value
1	1	13
1	2	4
1	3	4
1	4	1
1	5	1
1	6	0
1	7	0
1	8	2
1	9	5
1	10	8
1	11	6
1	12	3
1	13	4
1	14	6
1	15	5
1	16	6
1	17	10
1	18	6
1	19	10
1	20	7
1	21	12
1	22	10
1	23	9
1	24	12
2	1	9
2	2	6
2	3	0
2	4	0
2	5	0
2	6	1
2	7	1
2	8	1
2	9	1
2	10	1
2	11	4
2	12	8
2	13	1
2	14	1
2	15	4
2	16	1
2	17	2
2	18	6
2	19	5
2	20	5
2	21	8
2	22	11
2	23	12
2	24	6
3	1	8
3	2	2
3	3	2
3	4	0
3	5	1
3	6	0
3	7	1
3	8	0
3	9	1
3	10	3
3	11	3
3	12	2
3	13	2
3	14	7
3	15	5
3	16	5
3	17	5
3	18	3
3	19	4
3	20	5
3	21	5
3	22	6
3	23	8
3	24	13
4	1	4
4	2	4
4	3	1
4	4	0
4	5	1
4	6	1
4	7	1
4	8	3
4	9	2
4	10	4
4	11	2
4	12	2
4	13	2
4	14	2
4	15	3
4	16	2
4	17	4
4	18	4
4	19	3
4	20	6
4	21	7
4	22	9
4	23	6
4	24	8
5	1	16
5	2	7
5	3	2
5	4	3
5	5	0
5	6	1
5	7	1
5	8	0
5	9	2
5	10	7
5	11	8
5	12	2
5	13	1
5	14	7
5	15	3
5	16	5
5	17	3
5	18	5
5	19	6
5	20	1
5	21	5
5	22	5
5	23	12
5	24	15
6	1	6
6	2	4
6	3	2
6	4	0
6	5	0
6	6	0
6	7	1
6	8	5
6	9	3
6	10	1
6	11	4
6	12	8
6	13	4
6	14	4
6	15	3
6	16	5
6	17	3
6	18	8
6	19	10
6	20	7
6	21	8
6	22	17
6	23	12
6	24	12
7	1	7
7	2	3
7	3	1
7	4	0
7	5	0
7	6	1
7	7	1
7	8	3
7	9	2
7	10	3
7	11	5
7	12	4
7	13	8
7	14	3
7	15	12
7	16	5
7	17	11
7	18	5
7	19	14
7	20	9
7	21	7
7	22	14
7	23	13
7	24	12