day	hour	value
1	1	1
1	2	0
1	3	0
1	4	0
1	5	0
1	6	0
1	7	0
1	8	0
1	9	1
1	10	0
1	11	0
1	12	0
1	13	0
1	14	1
1	15	0
1	16	0
1	17	0
1	18	2
1	19	1
1	20	1
1	21	0
1	22	1
1	23	0
1	24	1
2	1	0
2	2	0
2	3	0
2	4	0
2	5	0
2	6	0
2	7	0
2	8	0
2	9	1
2	10	0
2	11	3
2	12	1
2	13	1
2	14	0
2	15	2
2	16	2
2	17	0
2	18	0
2	19	0
2	20	1
2	21	1
2	22	0
2	23	2
2	24	0
3	1	1
3	2	2
3	3	0
3	4	0
3	5	0
3	6	0
3	7	0
3	8	1
3	9	3
3	10	1
3	11	0
3	12	0
3	13	0
3	14	0
3	15	3
3	16	1
3	17	4
3	18	0
3	19	1
3	20	0
3	21	0
3	22	0
3	23	1
3	24	0
4	1	0
4	2	0
4	3	0
4	4	0
4	5	0
4	6	0
4	7	0
4	8	0
4	9	1
4	10	0
4	11	0
4	12	1
4	13	1
4	14	2
4	15	1
4	16	0
4	17	1
4	18	0
4	19	1
4	20	1
4	21	2
4	22	1
4	23	3
4	24	1
5	1	0
5	2	0
5	3	0
5	4	0
5	5	0
5	6	0
5	7	0
5	8	0
5	9	0
5	10	1
5	11	0
5	12	2
5	13	1
5	14	1
5	15	1
5	16	1
5	17	0
5	18	0
5	19	1
5	20	0
5	21	1
5	22	0
5	23	1
5	24	3
6	1	1
6	2	0
6	3	0
6	4	0
6	5	1
6	6	0
6	7	0
6	8	0
6	9	0
6	10	0
6	11	0
6	12	1
6	13	1
6	14	0
6	15	0
6	16	1
6	17	0
6	18	1
6	19	0
6	20	0
6	21	2
6	22	0
6	23	0
6	24	1
7	1	0
7	2	1
7	3	0
7	4	0
7	5	0
7	6	0
7	7	0
7	8	0
7	9	0
7	10	1
7	11	1
7	12	1
7	13	0
7	14	1
7	15	0
7	16	2
7	17	0
7	18	0
7	19	0
7	20	0
7	21	0
7	22	1
7	23	0
7	24	1