day	hour	value
1	1	2
1	2	1
1	3	1
1	4	1
1	5	0
1	6	0
1	7	0
1	8	0
1	9	3
1	10	4
1	11	1
1	12	1
1	13	0
1	14	1
1	15	0
1	16	0
1	17	0
1	18	1
1	19	1
1	20	0
1	21	1
1	22	0
1	23	2
1	24	2
2	1	6
2	2	0
2	3	1
2	4	0
2	5	0
2	6	0
2	7	0
2	8	0
2	9	1
2	10	1
2	11	1
2	12	0
2	13	0
2	14	0
2	15	0
2	16	0
2	17	2
2	18	0
2	19	1
2	20	2
2	21	0
2	22	0
2	23	4
2	24	0
3	1	3
3	2	2
3	3	0
3	4	0
3	5	0
3	6	0
3	7	1
3	8	0
3	9	1
3	10	0
3	11	0
3	12	0
3	13	0
3	14	2
3	15	1
3	16	0
3	17	1
3	18	0
3	19	2
3	20	1
3	21	0
3	22	1
3	23	1
3	24	1
4	1	2
4	2	2
4	3	1
4	4	0
4	5	0
4	6	0
4	7	0
4	8	1
4	9	0
4	10	1
4	11	0
4	12	0
4	13	1
4	14	0
4	15	2
4	16	0
4	17	0
4	18	0
4	19	1
4	20	1
4	21	0
4	22	0
4	23	6
4	24	4
5	1	6
5	2	3
5	3	0
5	4	0
5	5	0
5	6	0
5	7	0
5	8	0
5	9	1
5	10	0
5	11	1
5	12	1
5	13	0
5	14	0
5	15	2
5	16	1
5	17	0
5	18	2
5	19	0
5	20	1
5	21	2
5	22	3
5	23	1
5	24	1
6	1	4
6	2	1
6	3	0
6	4	0
6	5	0
6	6	0
6	7	0
6	8	1
6	9	1
6	10	0
6	11	0
6	12	0
6	13	0
6	14	1
6	15	0
6	16	1
6	17	0
6	18	2
6	19	0
6	20	1
6	21	0
6	22	3
6	23	5
6	24	2
7	1	2
7	2	0
7	3	0
7	4	0
7	5	0
7	6	0
7	7	0
7	8	0
7	9	0
7	10	0
7	11	0
7	12	0
7	13	1
7	14	0
7	15	1
7	16	0
7	17	0
7	18	0
7	19	0
7	20	2
7	21	0
7	22	2
7	23	4
7	24	3