day	hour	value
1	1	1
1	2	2
1	3	0
1	4	2
1	5	1
1	6	0
1	7	0
1	8	0
1	9	3
1	10	2
1	11	1
1	12	1
1	13	1
1	14	1
1	15	0
1	16	2
1	17	1
1	18	2
1	19	0
1	20	2
1	21	1
1	22	2
1	23	5
1	24	0
2	1	5
2	2	0
2	3	0
2	4	0
2	5	0
2	6	1
2	7	0
2	8	3
2	9	1
2	10	1
2	11	2
2	12	0
2	13	0
2	14	3
2	15	1
2	16	1
2	17	0
2	18	1
2	19	1
2	20	3
2	21	1
2	22	1
2	23	3
2	24	4
3	1	1
3	2	1
3	3	0
3	4	0
3	5	0
3	6	0
3	7	0
3	8	2
3	9	2
3	10	5
3	11	1
3	12	0
3	13	1
3	14	1
3	15	0
3	16	1
3	17	2
3	18	2
3	19	0
3	20	0
3	21	0
3	22	0
3	23	0
3	24	2
4	1	2
4	2	1
4	3	1
4	4	0
4	5	0
4	6	0
4	7	0
4	8	1
4	9	1
4	10	0
4	11	0
4	12	0
4	13	2
4	14	0
4	15	4
4	16	3
4	17	1
4	18	0
4	19	0
4	20	3
4	21	4
4	22	4
4	23	1
4	24	4
5	1	7
5	2	1
5	3	1
5	4	0
5	5	0
5	6	0
5	7	0
5	8	0
5	9	2
5	10	2
5	11	4
5	12	2
5	13	0
5	14	2
5	15	1
5	16	0
5	17	1
5	18	0
5	19	1
5	20	3
5	21	1
5	22	1
5	23	2
5	24	1
6	1	0
6	2	1
6	3	1
6	4	1
6	5	0
6	6	1
6	7	0
6	8	1
6	9	2
6	10	3
6	11	0
6	12	0
6	13	0
6	14	3
6	15	0
6	16	0
6	17	0
6	18	2
6	19	2
6	20	2
6	21	0
6	22	3
6	23	1
6	24	4
7	1	4
7	2	0
7	3	1
7	4	0
7	5	0
7	6	0
7	7	0
7	8	0
7	9	2
7	10	0
7	11	0
7	12	2
7	13	2
7	14	1
7	15	0
7	16	0
7	17	1
7	18	0
7	19	2
7	20	4
7	21	2
7	22	0
7	23	0
7	24	4